0.50 0.22 0.12 1.00
1.00 0.14 0.21 1.00
1.50 0.02 0.25 1.00
2.00 -0.10 0.23 1.00
2.50 -0.20 0.15 1.00
3.00 -0.25 0.04 1.00
3.50 -0.23 -0.09 1.00
4.00 -0.16 -0.19 1.00
4.50 -0.05 -0.24 1.00
5.00 0.07 -0.24 1.00
5.50 0.18 -0.18 1.00
6.00 0.24 -0.07 1.00
6.50 0.24 0.05 1.00
7.00 0.19 0.16 1.00
7.50 0.09 0.23 1.00
8.00 -0.04 0.25 1.00
8.50 -0.15 0.20 1.00
9.00 -0.23 0.10 1.00
9.50 -0.25 -0.02 1.00
10.00 -0.21 -0.14 1.00
10.50 -0.12 -0.22 1.00
11.00 0.00 -0.25 1.00
11.50 0.12 -0.22 1.00
12.00 0.21 -0.13 1.00
12.50 0.25 -0.02 1.00
13.00 0.23 0.11 1.00
13.50 0.15 0.20 1.00
14.00 0.03 0.25 1.00
14.50 -0.09 0.23 1.00
15.00 -0.19 0.16 1.00
15.50 -0.24 0.05 1.00
16.00 -0.24 -0.07 1.00
16.50 -0.18 -0.18 1.00
17.00 -0.07 -0.24 1.00
17.50 0.05 -0.24 1.00
18.00 0.17 -0.19 1.00
18.50 0.23 -0.09 1.00
19.00 0.25 0.04 1.00
19.50 0.20 0.15 1.00
20.00 0.10 0.23 1.00
20.50 -0.02 0.25 1.00
21.00 -0.14 0.21 1.00
21.50 -0.22 0.12 1.00
22.00 -0.25 -0.00 1.00
22.50 -0.22 -0.12 1.00
23.00 -0.13 -0.21 1.00
23.50 -0.02 -0.25 1.00
24.00 0.11 -0.23 1.00
24.50 0.20 -0.15 1.00
25.00 0.25 -0.03 1.00
25.50 0.23 0.09 1.00
26.00 0.16 0.19 1.00
26.50 0.05 0.24 1.00
27.00 -0.07 0.24 1.00
27.50 -0.18 0.17 1.00
28.00 -0.24 0.07 1.00
28.50 -0.24 -0.06 1.00
29.00 -0.19 -0.17 1.00
29.50 -0.08 -0.24 1.00
30.00 0.04 -0.25 1.00
30.50 0.15 -0.20 1.00
31.00 0.23 -0.10 1.00
31.50 0.25 0.02 1.00
32.00 0.21 0.14 1.00
32.50 0.12 0.22 1.00
33.00 -0.00 0.25 1.00
33.50 -0.12 0.22 1.00
34.00 -0.21 0.13 1.00
34.50 -0.25 0.01 1.00
35.00 -0.23 -0.11 1.00
35.50 -0.15 -0.20 1.00
36.00 -0.03 -0.25 1.00
36.50 0.09 -0.23 1.00
37.00 0.19 -0.16 1.00
37.50 0.25 -0.05 1.00
38.00 0.24 0.07 1.00
38.50 0.17 0.18 1.00
39.00 0.07 0.24 1.00
39.50 -0.06 0.24 1.00
40.00 -0.17 0.19 1.00
40.50 -0.24 0.08 1.00
41.00 -0.25 -0.04 1.00
41.50 -0.20 -0.15 1.00
42.00 -0.10 -0.23 1.00
42.50 0.02 -0.25 1.00
43.00 0.14 -0.21 1.00
43.50 0.22 -0.12 1.00
44.00 0.25 0.00 1.00
44.50 0.22 0.12 1.00
45.00 0.13 0.21 1.00
46.25 -0.16 0.19 1.00
47.50 -0.23 -0.09 1.00
48.75 0.01 -0.25 1.00
50.00 0.24 -0.07 1.00
51.25 0.14 0.21 1.00
52.50 -0.15 0.20 1.00
53.75 -0.24 -0.08 1.00
55.00 0.01 -0.25 1.00
56.25 0.24 -0.07 1.00
57.50 0.15 0.20 1.00
58.75 -0.15 0.20 1.00
60.00 -0.24 -0.08 1.00
61.25 -0.00 -0.25 1.00
62.50 0.24 -0.08 1.00
63.75 0.15 0.20 1.00
65.00 -0.14 0.21 1.00
66.25 -0.24 -0.07 1.00
67.50 -0.01 -0.25 1.00
68.75 0.23 -0.09 1.00
70.00 0.16 0.19 1.00
71.25 -0.13 0.21 1.00
72.50 -0.24 -0.06 1.00
73.75 -0.02 -0.25 1.00
75.00 0.23 -0.10 1.00
76.25 0.16 0.19 1.00
77.50 -0.13 0.22 1.00
78.75 -0.24 -0.05 1.00
80.00 -0.03 -0.25 1.00
81.25 0.23 -0.10 1.00
82.50 0.17 0.18 1.00
83.75 -0.12 0.22 1.00
85.00 -0.25 -0.04 1.00
86.25 -0.04 -0.25 1.00
87.50 0.22 -0.11 1.00
88.75 0.18 0.18 1.00
90.00 -0.11 0.22 1.00
91.25 -0.25 -0.04 1.00
92.50 -0.04 -0.25 1.00
93.75 0.22 -0.12 1.00
95.00 0.18 0.17 1.00
96.25 -0.10 0.23 1.00
97.50 -0.25 -0.03 1.00
98.75 -0.05 -0.24 1.00
100.00 0.22 -0.13 1.00
101.25 0.19 0.16 1.00
102.50 -0.10 0.23 1.00
103.75 -0.25 -0.02 1.00
105.00 -0.06 -0.24 1.00
106.25 0.21 -0.13 1.00
107.50 0.19 0.16 1.00
108.75 -0.09 0.23 1.00
110.00 -0.25 -0.01 1.00
111.25 -0.07 -0.24 1.00
112.50 0.21 -0.14 1.00
113.75 0.20 0.15 1.00
115.00 -0.08 0.24 1.00
116.25 -0.25 -0.00 1.00
117.50 -0.08 -0.24 1.00
118.75 0.20 -0.15 1.00
120.00 0.20 0.15 1.00
121.25 -0.07 0.24 1.00
122.50 -0.25 0.01 1.00
123.75 -0.08 -0.24 1.00
125.00 0.20 -0.15 1.00
126.25 0.21 0.14 1.00
127.50 -0.07 0.24 1.00
128.75 -0.25 0.01 1.00
130.00 -0.09 -0.23 1.00
131.25 0.19 -0.16 1.00
132.50 0.21 0.13 1.00
133.75 -0.06 0.24 1.00
135.00 -0.25 0.02 1.00
136.25 -0.10 -0.23 1.00
137.50 0.19 -0.17 1.00
138.75 0.22 0.12 1.00
140.00 -0.05 0.25 1.00
141.25 -0.25 0.03 1.00
142.50 -0.11 -0.23 1.00
143.75 0.18 -0.17 1.00
145.00 0.22 0.12 1.00
146.25 -0.04 0.25 1.00
147.50 -0.25 0.04 1.00
148.75 -0.11 -0.22 1.00
150.00 0.17 -0.18 1.00
151.25 0.22 0.11 1.00
151.75 0.14 0.20 1.00
152.25 0.03 0.25 1.00
152.75 -0.09 0.23 1.00
153.25 -0.19 0.16 1.00
153.75 -0.25 0.05 1.00
154.25 -0.24 -0.08 1.00
154.75 -0.17 -0.18 1.00
155.25 -0.06 -0.24 1.00
155.75 0.06 -0.24 1.00
156.25 0.17 -0.18 1.00
156.75 0.24 -0.08 1.00
157.25 0.25 0.04 1.00
157.75 0.20 0.16 1.00
158.25 0.10 0.23 1.00
158.75 -0.02 0.25 1.00
159.25 -0.14 0.21 1.00
159.75 -0.22 0.11 1.00
160.25 -0.25 -0.01 1.00
160.75 -0.22 -0.13 1.00
161.25 -0.13 -0.21 1.00
161.75 -0.01 -0.25 1.00
162.25 0.11 -0.22 1.00
162.75 0.20 -0.14 1.00
163.25 0.25 -0.03 1.00
163.75 0.23 0.09 1.00
164.25 0.16 0.19 1.00
164.75 0.05 0.25 1.00
165.25 -0.08 0.24 1.00
165.75 -0.18 0.17 1.00
166.25 -0.24 0.06 1.00
166.75 -0.24 -0.06 1.00
167.25 -0.18 -0.17 1.00
167.75 -0.08 -0.24 1.00
168.25 0.04 -0.25 1.00
168.75 0.16 -0.20 1.00
169.25 0.23 -0.10 1.00
169.75 0.25 0.03 1.00
170.25 0.21 0.14 1.00
170.75 0.11 0.22 1.00
171.25 -0.01 0.25 1.00
171.75 -0.13 0.22 1.00
172.25 -0.21 0.13 1.00
172.75 -0.25 0.01 1.00
173.25 -0.22 -0.11 1.00
173.75 -0.14 -0.21 1.00
174.25 -0.03 -0.25 1.00
174.75 0.10 -0.23 1.00
175.25 0.19 -0.16 1.00
175.75 0.25 -0.04 1.00
176.25 0.24 0.08 1.00
176.75 0.17 0.18 1.00
177.25 0.06 0.24 1.00
177.75 -0.06 0.24 1.00
178.25 -0.17 0.18 1.00
178.75 -0.24 0.08 1.00
179.25 -0.25 -0.04 1.00
179.75 -0.19 -0.16 1.00
180.25 -0.10 -0.23 1.00
180.75 0.03 -0.25 1.00
181.25 0.14 -0.21 1.00
181.75 0.22 -0.11 1.00
182.25 0.25 0.01 1.00
182.75 0.21 0.13 1.00
183.25 0.13 0.22 1.00
183.75 0.01 0.25 1.00
184.25 -0.11 0.22 1.00
184.75 -0.21 0.14 1.00
185.25 -0.25 0.03 1.00
185.75 -0.23 -0.10 1.00
186.25 -0.16 -0.20 1.00
186.75 -0.04 -0.25 1.00
187.25 0.08 -0.24 1.00
187.75 0.18 -0.17 1.00
188.25 0.24 -0.06 1.00
188.75 0.24 0.06 1.00
189.25 0.18 0.17 1.00
189.75 0.08 0.24 1.00
190.25 -0.05 0.25 1.00
190.75 -0.16 0.19 1.00
191.25 -0.23 0.09 1.00
191.75 -0.25 -0.03 1.00
192.25 -0.20 -0.14 1.00
192.75 -0.11 -0.22 1.00
193.25 0.01 -0.25 1.00
193.75 0.13 -0.21 1.00
194.25 0.22 -0.13 1.00
194.75 0.25 -0.01 1.00
195.25 0.22 0.11 1.00
195.75 0.14 0.21 1.00
196.25 0.02 0.25 1.00
196.75 -0.10 0.23 1.00
197.25 -0.20 0.16 1.00
197.75 -0.25 0.04 1.00
198.25 -0.24 -0.08 1.00
198.75 -0.17 -0.18 1.00
199.25 -0.06 -0.24 1.00
199.75 0.06 -0.24 1.00
200.25 0.17 -0.18 1.00
