0.50 0.22 0.12 1.00
1.00 0.14 0.21 1.00
1.50 0.02 0.25 1.00
2.00 -0.10 0.23 1.00
2.50 -0.20 0.15 1.00
3.00 -0.25 0.04 1.00
3.50 -0.23 -0.09 1.00
4.00 -0.16 -0.19 1.00
4.50 -0.05 -0.24 1.00
5.00 0.07 -0.24 1.00
5.50 0.18 -0.18 1.00
6.00 0.24 -0.07 1.00
6.50 0.24 0.05 1.00
7.00 0.19 0.16 1.00
7.50 0.09 0.23 1.00
8.00 -0.04 0.25 1.00
8.50 -0.15 0.20 1.00
9.00 -0.23 0.10 1.00
9.50 -0.25 -0.02 1.00
10.00 -0.21 -0.14 1.00
10.50 -0.12 -0.22 1.00
11.00 0.00 -0.25 1.00
11.50 0.12 -0.22 1.00
12.00 0.21 -0.13 1.00
12.50 0.25 -0.02 1.00
13.00 0.23 0.11 1.00
13.50 0.15 0.20 1.00
14.00 0.03 0.25 1.00
14.50 -0.09 0.23 1.00
15.00 -0.19 0.16 1.00
15.50 -0.24 0.05 1.00
16.00 -0.24 -0.07 1.00
16.50 -0.18 -0.18 1.00
17.00 -0.07 -0.24 1.00
17.50 0.05 -0.24 1.00
18.00 0.17 -0.19 1.00
18.50 0.23 -0.09 1.00
19.00 0.25 0.04 1.00
19.50 0.20 0.15 1.00
20.00 0.10 0.23 1.00
20.50 -0.02 0.25 1.00
21.00 -0.14 0.21 1.00
21.50 -0.22 0.12 1.00
22.00 -0.25 -0.00 1.00
22.50 -0.22 -0.12 1.00
23.00 -0.13 -0.21 1.00
23.50 -0.02 -0.25 1.00
24.00 0.11 -0.23 1.00
24.50 0.20 -0.15 1.00
25.00 0.25 -0.03 1.00
25.50 0.23 0.09 1.00
26.00 0.16 0.19 1.00
26.50 0.05 0.24 1.00
27.00 -0.07 0.24 1.00
27.50 -0.18 0.17 1.00
28.00 -0.24 0.07 1.00
28.50 -0.24 -0.06 1.00
29.00 -0.19 -0.17 1.00
29.50 -0.08 -0.24 1.00
30.00 0.04 -0.25 1.00
30.50 0.15 -0.20 1.00
31.00 0.23 -0.10 1.00
31.50 0.25 0.02 1.00
32.00 0.21 0.14 1.00
32.50 0.12 0.22 1.00
33.00 -0.00 0.25 1.00
33.50 -0.12 0.22 1.00
34.00 -0.21 0.13 1.00
34.50 -0.25 0.01 1.00
35.00 -0.23 -0.11 1.00
35.50 -0.15 -0.20 1.00
36.00 -0.03 -0.25 1.00
36.50 0.09 -0.23 1.00
37.00 0.19 -0.16 1.00
37.50 0.25 -0.05 1.00
38.00 0.24 0.07 1.00
38.50 0.17 0.18 1.00
39.00 0.07 0.24 1.00
39.50 -0.06 0.24 1.00
40.00 -0.17 0.19 1.00
40.50 -0.24 0.08 0.50
41.00 -0.25 -0.04 0.50
41.50 -0.20 -0.15 0.50
42.00 -0.10 -0.23 0.50
42.50 0.02 -0.25 0.50
43.00 0.14 -0.21 0.50
43.50 0.22 -0.12 0.50
44.00 0.25 0.00 0.50
44.50 0.22 0.12 0.50
45.00 0.13 0.21 0.50
45.50 0.01 0.25 0.50
46.00 -0.11 0.23 0.50
46.50 -0.20 0.15 0.50
47.00 -0.25 0.03 0.50
47.50 -0.23 -0.09 0.50
48.00 -0.16 -0.19 0.50
48.50 -0.05 -0.25 0.50
49.00 0.08 -0.24 0.50
49.50 0.18 -0.17 0.50
50.00 0.24 -0.07 0.50
50.50 0.24 0.06 0.50
51.00 0.19 0.17 0.50
51.50 0.08 0.24 0.50
52.00 -0.04 0.25 0.50
52.50 -0.15 0.20 0.50
53.00 -0.23 0.10 0.50
53.50 -0.25 -0.02 0.50
54.00 -0.21 -0.14 0.50
54.50 -0.11 -0.22 0.50
55.00 0.01 -0.25 0.50
55.50 0.12 -0.22 0.50
56.00 0.21 -0.13 0.50
56.50 0.25 -0.01 0.50
57.00 0.22 0.11 0.50
57.50 0.15 0.20 0.50
58.00 0.03 0.25 0.50
58.50 -0.09 0.23 0.50
59.00 -0.19 0.16 0.50
59.50 -0.25 0.05 0.50
60.00 -0.24 -0.08 0.50
60.50 -0.17 -0.18 0.50
61.00 -0.06 -0.24 0.50
61.50 0.06 -0.24 0.50
62.00 0.17 -0.18 0.50
62.50 0.24 -0.08 0.50
63.00 0.25 0.04 0.50
63.50 0.20 0.15 0.50
64.00 0.10 0.23 0.50
64.50 -0.02 0.25 0.50
65.00 -0.14 0.21 0.50
65.50 -0.22 0.11 0.50
66.00 -0.25 -0.01 0.50
66.50 -0.22 -0.13 0.50
67.00 -0.13 -0.21 0.50
67.50 -0.01 -0.25 0.50
68.00 0.11 -0.22 0.50
68.50 0.20 -0.14 0.50
69.00 0.25 -0.03 0.50
69.50 0.23 0.09 0.50
70.00 0.16 0.19 0.50
70.50 0.05 0.25 0.50
71.00 -0.08 0.24 0.50
71.50 -0.18 0.17 0.50
72.00 -0.24 0.06 0.50
72.50 -0.24 -0.06 0.50
73.00 -0.18 -0.17 0.50
73.50 -0.08 -0.24 0.50
74.00 0.04 -0.25 0.50
74.50 0.16 -0.20 0.50
75.00 0.23 -0.10 0.50
75.50 0.25 0.03 0.50
76.00 0.21 0.14 0.50
76.50 0.11 0.22 0.50
77.00 -0.01 0.25 0.50
77.50 -0.13 0.22 0.50
78.00 -0.21 0.13 0.50
78.50 -0.25 0.01 0.50
79.00 -0.22 -0.11 0.50
79.50 -0.14 -0.20 0.50
80.00 -0.03 -0.25 0.50
80.50 0.09 -0.23 0.50
81.00 0.19 -0.16 0.50
81.50 0.25 -0.05 0.50
82.00 0.24 0.08 0.50
82.50 0.17 0.18 0.50
83.00 0.06 0.24 0.50
83.50 -0.06 0.24 0.50
84.00 -0.17 0.18 0.50
84.50 -0.24 0.08 0.50
85.00 -0.25 -0.04 0.50
85.50 -0.19 -0.16 0.50
86.00 -0.10 -0.23 0.50
86.50 0.03 -0.25 0.50
87.00 0.14 -0.21 0.50
87.50 0.22 -0.11 0.50
88.00 0.25 0.01 0.50
88.50 0.22 0.13 0.50
89.00 0.13 0.22 0.50
89.50 0.01 0.25 0.50
90.00 -0.11 0.22 0.50
90.50 -0.21 0.14 0.50
91.00 -0.25 0.03 0.50
91.50 -0.23 -0.10 0.50
92.00 -0.16 -0.19 0.50
92.50 -0.04 -0.25 0.50
93.00 0.08 -0.24 0.50
93.50 0.18 -0.17 0.50
94.00 0.24 -0.06 0.50
94.50 0.24 0.06 0.50
95.00 0.18 0.17 0.50
95.50 0.08 0.24 0.50
96.00 -0.05 0.25 0.50
96.50 -0.16 0.19 0.50
97.00 -0.23 0.09 0.50
97.50 -0.25 -0.03 0.50
98.00 -0.20 -0.14 0.50
98.50 -0.11 -0.22 0.50
99.00 0.01 -0.25 0.50
99.50 0.13 -0.21 0.50
100.00 0.22 -0.13 0.50
100.50 0.25 -0.01 0.50
101.00 0.22 0.11 0.50
101.50 0.14 0.21 0.50
102.00 0.03 0.25 0.50
102.50 -0.10 0.23 0.50
103.00 -0.20 0.16 0.50
103.50 -0.25 0.04 0.50
104.00 -0.24 -0.08 0.50
104.50 -0.17 -0.18 0.50
105.00 -0.06 -0.24 0.50
105.50 0.06 -0.24 0.50
106.00 0.17 -0.18 0.50
106.50 0.24 -0.08 0.50
107.00 0.25 0.05 0.50
107.50 0.19 0.16 0.50
108.00 0.09 0.23 0.50
108.50 -0.03 0.25 0.50
109.00 -0.14 0.20 0.50
109.50 -0.22 0.11 0.50
110.00 -0.25 -0.01 0.50
110.50 -0.21 -0.13 0.50
111.00 -0.13 -0.22 0.50
111.50 -0.01 -0.25 0.50
112.00 0.11 -0.22 0.50
112.50 0.21 -0.14 0.50
113.00 0.25 -0.02 0.50
113.50 0.23 0.10 0.50
114.00 0.15 0.20 0.50
114.50 0.04 0.25 0.50
115.00 -0.08 0.24 0.50
115.50 -0.18 0.17 0.50
116.00 -0.24 0.06 0.50
116.50 -0.24 -0.06 0.50
117.00 -0.18 -0.17 0.50
117.50 -0.08 -0.24 0.50
118.00 0.05 -0.25 0.50
118.50 0.16 -0.19 0.50
119.00 0.23 -0.09 0.50
119.50 0.25 0.03 0.50
120.00 0.20 0.15 0.50
120.50 0.11 0.22 0.50
121.00 -0.01 0.25 0.50
121.50 -0.13 0.21 0.50
122.00 -0.22 0.12 0.50
122.50 -0.25 0.01 0.50
123.00 -0.22 -0.11 0.50
123.50 -0.14 -0.21 0.50
124.00 -0.02 -0.25 0.50
124.50 0.10 -0.23 0.50
125.00 0.20 -0.15 0.50
125.50 0.25 -0.04 0.50
126.00 0.24 0.08 0.50
126.50 0.17 0.19 0.50
127.00 0.06 0.24 0.50
127.50 -0.07 0.24 0.50
128.00 -0.17 0.18 0.50
128.50 -0.24 0.08 0.50
129.00 -0.25 -0.05 0.50
129.50 -0.19 -0.16 0.50
130.00 -0.09 -0.23 0.50
130.50 0.03 -0.25 0.50
131.00 0.15 -0.20 0.50
131.50 0.23 -0.11 0.50
132.00 0.25 0.01 0.50
132.50 0.21 0.13 0.50
133.00 0.12 0.22 0.50
133.50 0.00 0.25 0.50
134.00 -0.12 0.22 0.50
134.50 -0.21 0.14 0.50
135.00 -0.25 0.02 0.50
135.50 -0.23 -0.10 0.50
136.00 -0.15 -0.20 0.50
136.50 -0.04 -0.25 0.50
137.00 0.08 -0.24 0.50
137.50 0.19 -0.17 0.50
138.00 0.24 -0.06 0.50
138.50 0.24 0.07 0.50
139.00 0.18 0.17 0.50
139.50 0.07 0.24 0.50
140.00 -0.05 0.25 0.50
140.50 -0.16 0.19 0.50
141.00 -0.23 0.09 0.50
141.50 -0.25 -0.03 0.50
142.00 -0.20 -0.15 0.50
142.50 -0.11 -0.23 0.50
143.00 0.01 -0.25 0.50
143.50 0.13 -0.21 0.50
144.00 0.22 -0.12 0.50
144.50 0.25 -0.00 0.50
145.00 0.22 0.12 0.50
145.50 0.14 0.21 0.50
146.00 0.02 0.25 0.50
146.50 -0.10 0.23 0.50
147.00 -0.20 0.15 0.50
147.50 -0.25 0.04 0.50
148.00 -0.24 -0.08 0.50
148.50 -0.17 -0.19 0.50
149.00 -0.06 -0.24 0.50
149.50 0.07 -0.24 0.50
150.00 0.17 -0.18 0.50
150.50 0.24 -0.07 0.50
151.00 0.24 0.05 0.50
151.50 0.19 0.16 0.50
152.00 0.09 0.23 0.50
152.50 -0.03 0.25 0.50
153.00 -0.15 0.20 0.50
153.50 -0.23 0.11 0.50
154.00 -0.25 -0.02 0.50
154.50 -0.21 -0.13 0.50
155.00 -0.12 -0.22 0.50
155.50 -0.00 -0.25 0.50
156.00 0.12 -0.22 0.50
156.50 0.21 -0.14 0.50
157.00 0.25 -0.02 0.50
157.50 0.23 0.10 0.50
158.00 0.15 0.20 0.50
158.50 0.04 0.25 0.50
159.00 -0.09 0.23 0.50
159.50 -0.19 0.17 0.50
160.00 -0.24 0.05 0.50
160.50 -0.24 -0.07 0.50
161.00 -0.18 -0.18 0.50
161.50 -0.07 -0.24 0.50
162.00 0.05 -0.24 0.50
162.50 0.16 -0.19 0.50
163.00 0.23 -0.09 0.50
163.50 0.25 0.03 0.50
164.00 0.20 0.15 0.50
164.50 0.11 0.23 0.50
165.00 -0.02 0.25 0.50
165.50 -0.13 0.21 0.50
166.00 -0.22 0.12 0.50
166.50 -0.25 0.00 0.50
167.00 -0.22 -0.12 0.50
167.50 -0.14 -0.21 0.50
168.00 -0.02 -0.25 0.50
168.50 0.10 -0.23 0.50
169.00 0.20 -0.15 0.50
169.50 0.25 -0.04 0.50
170.00 0.23 0.09 0.50
170.50 0.16 0.19 0.50
171.00 0.05 0.24 0.50
171.50 -0.07 0.24 0.50
172.00 -0.18 0.18 0.50
172.50 -0.24 0.07 0.50
173.00 -0.24 -0.05 0.50
173.50 -0.19 -0.16 0.50
174.00 -0.09 -0.23 0.50
174.50 0.04 -0.25 0.50
175.00 0.15 -0.20 0.50
175.50 0.23 -0.10 0.50
176.00 0.25 0.02 0.50
176.50 0.21 0.14 0.50
177.00 0.12 0.22 0.50
177.50 -0.00 0.25 0.50
178.00 -0.12 0.22 0.50
178.50 -0.21 0.14 0.50
179.00 -0.25 0.02 0.50
179.50 -0.23 -0.10 0.50
180.00 -0.15 -0.20 0.50
180.50 -0.04 -0.25 0.50
181.00 0.09 -0.23 0.50
181.50 0.19 -0.16 0.50
182.00 0.24 -0.05 0.50
182.50 0.24 0.07 0.50
183.00 0.18 0.18 0.50
183.50 0.07 0.24 0.50
184.00 -0.05 0.24 0.50
184.50 -0.16 0.19 0.50
185.00 -0.23 0.09 0.50
185.50 -0.25 -0.04 0.50
186.00 -0.20 -0.15 0.50
186.50 -0.10 -0.23 0.50
187.00 0.02 -0.25 0.50
187.50 0.14 -0.21 0.50
188.00 0.22 -0.12 0.50
188.50 0.25 0.00 0.50
189.00 0.22 0.12 0.50
189.50 0.13 0.21 0.50
190.00 0.02 0.25 0.50
190.50 -0.11 0.23 0.50
191.00 -0.20 0.15 0.50
191.50 -0.25 0.03 0.50
192.00 -0.23 -0.09 0.50
192.50 -0.16 -0.19 0.50
193.00 -0.05 -0.24 0.50
193.50 0.07 -0.24 0.50
194.00 0.18 -0.18 0.50
194.50 0.24 -0.07 0.50
195.00 0.24 0.05 0.50
195.50 0.19 0.17 0.50
196.00 0.09 0.23 0.50
196.50 -0.04 0.25 0.50
197.00 -0.15 0.20 0.50
197.50 -0.23 0.10 0.50
198.00 -0.25 -0.02 0.50
198.50 -0.21 -0.14 0.50
199.00 -0.12 -0.22 0.50
199.50 0.00 -0.25 0.50
200.00 0.12 -0.22 0.50
