0.50 0.22 0.12 1.00
1.00 0.14 0.21 1.00
1.50 0.02 0.25 1.00
2.00 -0.10 0.23 1.00
2.50 -0.20 0.15 1.00
3.00 -0.25 0.04 1.00
3.50 -0.23 -0.09 1.00
4.00 -0.16 -0.19 1.00
4.50 -0.05 -0.24 1.00
5.00 0.07 -0.24 1.00
5.50 0.18 -0.18 1.00
6.00 0.24 -0.07 1.00
6.50 0.24 0.05 1.00
7.00 0.19 0.16 1.00
7.50 0.09 0.23 1.00
8.00 -0.04 0.25 1.00
8.50 -0.15 0.20 1.00
9.00 -0.23 0.10 1.00
9.50 -0.25 -0.02 1.00
10.00 -0.21 -0.14 1.00
10.50 -0.12 -0.22 1.00
11.00 0.00 -0.25 1.00
11.50 0.12 -0.22 1.00
12.00 0.21 -0.13 1.00
12.50 0.25 -0.02 1.00
13.00 0.23 0.11 1.00
13.50 0.15 0.20 1.00
14.00 0.03 0.25 1.00
14.50 -0.09 0.23 1.00
15.00 -0.19 0.16 1.00
15.50 -0.24 0.05 1.00
16.00 -0.24 -0.07 1.00
16.50 -0.18 -0.18 1.00
17.00 -0.07 -0.24 1.00
17.50 0.05 -0.24 1.00
18.00 0.17 -0.19 1.00
18.50 0.23 -0.09 1.00
19.00 0.25 0.04 1.00
19.50 0.20 0.15 1.00
20.00 0.10 0.23 1.00
20.50 -0.02 0.25 1.00
21.00 -0.14 0.21 1.00
21.50 -0.22 0.12 1.00
22.00 -0.25 -0.00 1.00
22.50 -0.22 -0.12 1.00
23.00 -0.13 -0.21 1.00
23.50 -0.02 -0.25 1.00
24.00 0.11 -0.23 1.00
24.50 0.20 -0.15 1.00
25.00 0.25 -0.03 1.00
25.50 0.23 0.09 1.00
26.00 0.16 0.19 1.00
26.50 0.05 0.24 1.00
27.00 -0.07 0.24 1.00
27.50 -0.18 0.17 1.00
28.00 -0.24 0.07 1.00
28.50 -0.24 -0.06 1.00
29.00 -0.19 -0.17 1.00
29.50 -0.08 -0.24 1.00
30.00 0.04 -0.25 1.00
30.50 0.15 -0.20 1.00
31.00 0.23 -0.10 1.00
31.50 0.25 0.02 1.00
32.00 0.21 0.14 1.00
32.50 0.12 0.22 1.00
33.00 -0.00 0.25 1.00
33.50 -0.12 0.22 1.00
34.00 -0.21 0.13 1.00
34.50 -0.25 0.01 1.00
35.00 -0.23 -0.11 1.00
35.50 -0.15 -0.20 1.00
36.00 -0.03 -0.25 1.00
36.50 0.09 -0.23 1.00
37.00 0.19 -0.16 1.00
37.50 0.25 -0.05 1.00
38.00 0.24 0.07 1.00
38.50 0.17 0.18 1.00
39.00 0.07 0.24 1.00
39.50 -0.06 0.24 1.00
40.00 -1.17 0.19 1.00
40.50 -1.24 0.08 1.00
41.00 -1.25 -0.04 1.00
41.50 -1.20 -0.15 1.00
42.00 -1.10 -0.23 1.00
42.50 -0.98 -0.25 1.00
43.00 -0.86 -0.21 1.00
43.50 -0.78 -0.12 1.00
44.00 -0.75 0.00 1.00
44.50 -0.78 0.12 1.00
45.00 -0.87 0.21 1.00
45.50 -0.99 0.25 1.00
46.00 -1.11 0.23 1.00
46.50 -1.20 0.15 1.00
47.00 -1.25 0.03 1.00
47.50 -1.23 -0.09 1.00
48.00 -1.16 -0.19 1.00
48.50 -1.05 -0.25 1.00
49.00 -0.92 -0.24 1.00
49.50 -0.82 -0.17 1.00
50.00 -0.76 -0.07 1.00
50.50 -0.76 0.06 1.00
51.00 -0.81 0.17 1.00
51.50 -0.92 0.24 1.00
52.00 -1.04 0.25 1.00
52.50 -1.15 0.20 1.00
53.00 -1.23 0.10 1.00
53.50 -1.25 -0.02 1.00
54.00 -1.21 -0.14 1.00
54.50 -1.11 -0.22 1.00
55.00 -0.99 -0.25 1.00
55.50 -0.88 -0.22 1.00
56.00 -0.79 -0.13 1.00
56.50 -0.75 -0.01 1.00
57.00 -0.78 0.11 1.00
57.50 -0.85 0.20 1.00
58.00 -0.97 0.25 1.00
58.50 -1.09 0.23 1.00
59.00 -1.19 0.16 1.00
59.50 -1.25 0.05 1.00
60.00 -1.24 -0.08 1.00
60.50 -1.17 -0.18 1.00
61.00 -1.06 -0.24 1.00
61.50 -0.94 -0.24 1.00
62.00 -0.83 -0.18 1.00
62.50 -0.76 -0.08 1.00
63.00 -0.75 0.04 1.00
63.50 -0.80 0.15 1.00
64.00 -0.90 0.23 1.00
64.50 -1.02 0.25 1.00
65.00 -1.14 0.21 1.00
65.50 -1.22 0.11 1.00
66.00 -1.25 -0.01 1.00
66.50 -1.22 -0.13 1.00
67.00 -1.13 -0.21 1.00
67.50 -1.01 -0.25 1.00
68.00 -0.89 -0.22 1.00
68.50 -0.80 -0.14 1.00
69.00 -0.75 -0.03 1.00
69.50 -0.77 0.09 1.00
70.00 -0.84 0.19 1.00
70.50 -0.95 0.25 1.00
71.00 -1.08 0.24 1.00
71.50 -1.18 0.17 1.00
72.00 -1.24 0.06 1.00
72.50 -1.24 -0.06 1.00
73.00 -1.18 -0.17 1.00
73.50 -1.08 -0.24 1.00
74.00 -0.96 -0.25 1.00
74.50 -0.84 -0.20 1.00
75.00 -0.77 -0.10 1.00
75.50 -0.75 0.03 1.00
76.00 -0.79 0.14 1.00
76.50 -0.89 0.22 1.00
77.00 -1.01 0.25 1.00
77.50 -1.13 0.22 1.00
78.00 -1.21 0.13 1.00
78.50 -1.25 0.01 1.00
79.00 -1.22 -0.11 1.00
79.50 -1.14 -0.20 1.00
80.00 -1.03 -0.25 1.00
80.50 -0.91 -0.23 1.00
81.00 -0.81 -0.16 1.00
81.50 -0.75 -0.05 1.00
82.00 -0.76 0.08 1.00
82.50 -0.83 0.18 1.00
83.00 -0.94 0.24 1.00
83.50 -1.06 0.24 1.00
84.00 -1.17 0.18 1.00
84.50 -1.24 0.08 1.00
85.00 -1.25 -0.04 1.00
85.50 -1.19 -0.16 1.00
86.00 -1.10 -0.23 1.00
86.50 -0.97 -0.25 1.00
87.00 -0.86 -0.21 1.00
87.50 -0.78 -0.11 1.00
88.00 -0.75 0.01 1.00
88.50 -0.78 0.13 1.00
89.00 -0.87 0.22 1.00
89.50 -0.99 0.25 1.00
90.00 -1.11 0.22 1.00
90.50 -1.21 0.14 1.00
91.00 -1.25 0.03 1.00
91.50 -1.23 -0.10 1.00
92.00 -1.16 -0.19 1.00
92.50 -1.04 -0.25 1.00
93.00 -0.92 -0.24 1.00
93.50 -0.82 -0.17 1.00
94.00 -0.76 -0.06 1.00
94.50 -0.76 0.06 1.00
95.00 -0.82 0.17 1.00
95.50 -0.92 0.24 1.00
96.00 -1.05 0.25 1.00
96.50 -1.16 0.19 1.00
97.00 -1.23 0.09 1.00
97.50 -1.25 -0.03 1.00
98.00 -1.20 -0.14 1.00
98.50 -1.11 -0.22 1.00
99.00 -0.99 -0.25 1.00
99.50 -0.87 -0.21 1.00
100.00 -0.78 -0.13 1.00
100.50 -0.75 -0.01 1.00
101.00 -0.78 0.11 1.00
101.50 -0.86 0.21 1.00
102.00 -0.97 0.25 1.00
102.50 -1.10 0.23 1.00
103.00 -1.20 0.16 1.00
103.50 -1.25 0.04 1.00
104.00 -1.24 -0.08 1.00
104.50 -1.17 -0.18 1.00
105.00 -1.06 -0.24 1.00
105.50 -0.94 -0.24 1.00
106.00 -0.83 -0.18 1.00
106.50 -0.76 -0.08 1.00
107.00 -0.75 0.05 1.00
107.50 -0.81 0.16 1.00
108.00 -0.91 0.23 1.00
108.50 -1.03 0.25 1.00
109.00 -1.14 0.20 1.00
109.50 -1.22 0.11 1.00
110.00 -1.25 -0.01 1.00
110.50 -1.21 -0.13 1.00
111.00 -1.13 -0.22 1.00
111.50 -1.01 -0.25 1.00
112.00 -0.89 -0.22 1.00
112.50 -0.79 -0.14 1.00
113.00 -0.75 -0.02 1.00
113.50 -0.77 0.10 1.00
114.00 -0.85 0.20 1.00
114.50 -0.96 0.25 1.00
115.00 -1.08 0.24 1.00
115.50 -1.18 0.17 1.00
116.00 -1.24 0.06 1.00
116.50 -1.24 -0.06 1.00
117.00 -1.18 -0.17 1.00
117.50 -1.08 -0.24 1.00
118.00 -0.95 -0.25 1.00
118.50 -0.84 -0.19 1.00
119.00 -0.77 -0.09 1.00
119.50 -0.75 0.03 1.00
120.00 -0.80 0.15 1.00
120.50 -0.89 0.22 1.00
121.00 -1.01 0.25 1.00
121.50 -1.13 0.21 1.00
122.00 -1.22 0.12 1.00
122.50 -1.25 0.01 1.00
123.00 -1.22 -0.11 1.00
123.50 -1.14 -0.21 1.00
124.00 -1.02 -0.25 1.00
124.50 -0.90 -0.23 1.00
125.00 -0.80 -0.15 1.00
125.50 -0.75 -0.04 1.00
126.00 -0.76 0.08 1.00
126.50 -0.83 0.19 1.00
127.00 -0.94 0.24 1.00
127.50 -1.07 0.24 1.00
128.00 -1.17 0.18 1.00
128.50 -1.24 0.08 1.00
129.00 -1.25 -0.05 1.00
129.50 -1.19 -0.16 1.00
130.00 -1.09 -0.23 1.00
130.50 -0.97 -0.25 1.00
131.00 -0.85 -0.20 1.00
131.50 -0.77 -0.11 1.00
132.00 -0.75 0.01 1.00
132.50 -0.79 0.13 1.00
133.00 -0.88 0.22 1.00
133.50 -1.00 0.25 1.00
134.00 -1.12 0.22 1.00
134.50 -1.21 0.14 1.00
135.00 -1.25 0.02 1.00
135.50 -1.23 -0.10 1.00
136.00 -1.15 -0.20 1.00
136.50 -1.04 -0.25 1.00
137.00 -0.92 -0.24 1.00
137.50 -0.81 -0.17 1.00
138.00 -0.76 -0.06 1.00
138.50 -0.76 0.07 1.00
139.00 -0.82 0.17 1.00
139.50 -0.93 0.24 1.00
140.00 -1.05 0.25 1.00
140.50 -1.16 0.19 1.00
141.00 -1.23 0.09 1.00
141.50 -1.25 -0.03 1.00
142.00 -1.20 -0.15 1.00
142.50 -1.11 -0.23 1.00
143.00 -0.99 -0.25 1.00
143.50 -0.87 -0.21 1.00
144.00 -0.78 -0.12 1.00
144.50 -0.75 -0.00 1.00
145.00 -0.78 0.12 1.00
145.50 -0.86 0.21 1.00
146.00 -0.98 0.25 1.00
146.50 -1.10 0.23 1.00
147.00 -1.20 0.15 1.00
147.50 -1.25 0.04 1.00
148.00 -1.24 -0.08 1.00
148.50 -1.17 -0.19 1.00
149.00 -1.06 -0.24 1.00
149.50 -0.93 -0.24 1.00
150.00 -0.83 -0.18 1.00
150.50 -0.76 -0.07 1.00
151.00 -0.76 0.05 1.00
151.50 -0.81 0.16 1.00
152.00 -0.91 0.23 1.00
152.50 -1.03 0.25 1.00
153.00 -1.15 0.20 1.00
153.50 -1.23 0.11 1.00
154.00 -1.25 -0.02 1.00
154.50 -1.21 -0.13 1.00
155.00 -1.12 -0.22 1.00
155.50 -1.00 -0.25 1.00
156.00 -0.88 -0.22 1.00
156.50 -0.79 -0.14 1.00
157.00 -0.75 -0.02 1.00
157.50 -0.77 0.10 1.00
158.00 -0.85 0.20 1.00
158.50 -0.96 0.25 1.00
159.00 -1.09 0.23 1.00
159.50 -1.19 0.17 1.00
160.00 -1.24 0.05 1.00
160.50 -1.24 -0.07 1.00
161.00 -1.18 -0.18 1.00
161.50 -1.07 -0.24 1.00
162.00 -0.95 -0.24 1.00
162.50 -0.84 -0.19 1.00
163.00 -0.77 -0.09 1.00
163.50 -0.75 0.03 1.00
164.00 -0.80 0.15 1.00
164.50 -0.89 0.23 1.00
165.00 -1.02 0.25 1.00
165.50 -1.13 0.21 1.00
166.00 -1.22 0.12 1.00
166.50 -1.25 0.00 1.00
167.00 -1.22 -0.12 1.00
167.50 -1.14 -0.21 1.00
168.00 -1.02 -0.25 1.00
168.50 -0.90 -0.23 1.00
169.00 -0.80 -0.15 1.00
169.50 -0.75 -0.04 1.00
170.00 -0.77 0.09 1.00
170.50 -0.84 0.19 1.00
171.00 -0.95 0.24 1.00
171.50 -1.07 0.24 1.00
172.00 -1.18 0.18 1.00
172.50 -1.24 0.07 1.00
173.00 -1.24 -0.05 1.00
173.50 -1.19 -0.16 1.00
174.00 -1.09 -0.23 1.00
174.50 -0.96 -0.25 1.00
175.00 -0.85 -0.20 1.00
175.50 -0.77 -0.10 1.00
176.00 -0.75 0.02 1.00
176.50 -0.79 0.14 1.00
177.00 -0.88 0.22 1.00
177.50 -1.00 0.25 1.00
178.00 -1.12 0.22 1.00
178.50 -1.21 0.14 1.00
179.00 -1.25 0.02 1.00
179.50 -1.23 -0.10 1.00
180.00 -1.15 -0.20 1.00
180.50 -1.04 -0.25 1.00
181.00 -0.91 -0.23 1.00
181.50 -0.81 -0.16 1.00
182.00 -0.76 -0.05 1.00
182.50 -0.76 0.07 1.00
183.00 -0.82 0.18 1.00
183.50 -0.93 0.24 1.00
184.00 -1.05 0.24 1.00
184.50 -1.16 0.19 1.00
185.00 -1.23 0.09 1.00
185.50 -1.25 -0.04 1.00
186.00 -1.20 -0.15 1.00
186.50 -1.10 -0.23 1.00
187.00 -0.98 -0.25 1.00
187.50 -0.86 -0.21 1.00
188.00 -0.78 -0.12 1.00
188.50 -0.75 0.00 1.00
189.00 -0.78 0.12 1.00
189.50 -0.87 0.21 1.00
190.00 -0.98 0.25 1.00
190.50 -1.11 0.23 1.00
191.00 -1.20 0.15 1.00
191.50 -1.25 0.03 1.00
192.00 -1.23 -0.09 1.00
192.50 -1.16 -0.19 1.00
193.00 -1.05 -0.24 1.00
193.50 -0.93 -0.24 1.00
194.00 -0.82 -0.18 1.00
194.50 -0.76 -0.07 1.00
195.00 -0.76 0.05 1.00
195.50 -0.81 0.17 1.00
196.00 -0.91 0.23 1.00
196.50 -1.04 0.25 1.00
197.00 -1.15 0.20 1.00
197.50 -1.23 0.10 1.00
198.00 -1.25 -0.02 1.00
198.50 -1.21 -0.14 1.00
199.00 -1.12 -0.22 1.00
199.50 -1.00 -0.25 1.00
200.00 -0.88 -0.22 1.00
